(0,1):0,13
0,2
0,4
2,4
2,8
4,8

(0,2):0,13
1,4

(0,3):0,13
0,4
0,6
4,6
4,8
6,8

(0,4):0,13
0,2
0,4
0,6

(0,5):0,13
0,2
1,4
2,3
2,4
2,8
3,4
4,7
4,8
6,8

(0,6):0,13
3,4

(0,7):0,13
0,6
1,4
1,6
2,8
3,4
4,5
4,6
4,8
6,8

(0,8):1,13
2,4
2,6
4,6

(1,2):0,13
0,2
0,4
0,6
2,4
4,6

(1,3):0,13
0,2
0,4
0,6
0,8
1,7
2,4
2,5
2,6
2,7
2,8
3,5
4,5
4,6
4,7
4,8
5,6
6,7
6,8

(1,4):0,13
0,8
2,6
4,7
6,8

(1,5):0,13
0,2
0,3
0,4
0,6
0,7
0,8
1,7
2,4
2,6
2,8
3,4
3,5
3,8
4,6
4,7
4,8
6,8
7,8

(1,6):0,13
0,2
0,4
0,6
0,7
2,4
2,8
3,4
4,5
4,7

(1,7):0,13
0,1
0,2
0,4
0,6
0,7
0,8
1,2
1,4
1,6
1,7
1,8
2,4
2,6
2,7
2,8
3,4
4,5
4,6
4,7
4,8
6,7
6,8
7,8

(1,8):0,13
0,2
0,4
0,6
2,4
2,7
2,8
3,4
4,5
4,7

(2,3):0,13
0,2
0,4
0,5
0,6
1,4
4,5
4,6
4,7
6,8

(2,4):0,13
0,2
2,4
2,8

(2,5):0,13
2,4
2,8
4,6
4,8
6,8

(2,6):1,13
0,4
0,8
2,4
4,6
4,8

(2,7):0,13
0,6
1,4
1,8
2,8
3,4
4,5
4,6
4,8
6,8

(2,8):0,13
4,5

(3,4):0,13
0,8
2,6
2,8
4,5

(3,5):0,13
0,2
0,3
0,4
0,5
0,6
0,8
1,4
2,3
2,4
2,5
2,6
2,8
3,4
3,5
3,6
3,8
4,5
4,6
4,7
4,8
5,6
5,8
6,8

(3,6):0,13
0,2
0,4
0,6
2,4
4,6

(3,7):0,13
0,1
0,2
0,4
0,5
0,6
0,8
1,4
1,7
1,8
2,4
2,6
2,8
3,5
4,5
4,6
4,8
5,8
6,8

(3,8):0,13
0,2
0,4
0,6
1,4
4,5
4,6
4,7
5,6
6,8

(4,5):0,13
0,6
0,8
2,6
3,4

(4,6):0,13
0,6
4,6
6,8

(4,7):0,13
0,2
0,8
1,4
2,6

(4,8):0,13
2,8
4,8
6,8

(5,6):0,13
0,2
1,4
2,4
2,8
3,4
3,8
4,7
4,8
6,8

(5,7):0,13
0,2
0,4
0,6
0,8
1,2
1,4
1,6
1,7
2,3
2,4
2,6
2,8
3,4
3,5
3,6
4,6
4,8
6,8

(5,8):0,13
0,2
0,4
2,4
2,8
4,8

(6,7):0,13
2,4
2,8
4,6
4,8
6,8

(6,8):0,13
4,7

(7,8):0,13
0,4
0,6
4,6
4,8
6,8
